1000 9900
502 419
788 56
510 756
537 623
260 369
479 783
485 442
15 489
454 571
915 183
73 824
590 375
941 496
976 71
557 534
483 217
29 221
412 203
786 824
431 550
781 755
913 443
40 569
421 228
42 294
855 951
179 398
763 220
782 86
986 949
303 711
614 929
910 186
537 770
942 267
395 580
487 218
400 222
370 932
643 816
727 992
943 167
656 165
917 568
334 746
136 567
289 186
690 6
150 200
118 764
585 249
838 229
627 28
534 162
993 140
131 653
335 885
444 479
339 366
732 239
852 460
828 314
923 534
29 603
92 253
241 669
704 487
957 779
864 727
704 534
146 602
945 860
181 162
221 885
955 391
64 868
746 256
961 761
24 601
220 639
684 206
209 234
483 279
907 361
621 549
566 174
369 492
186 682
707 4
17 584
327 303
461 968
539 719
302 750
333 666
261 77
869 312
82 922
595 73
345 244
790 956
241 59
215 397
123 59
929 876
531 16
147 795
386 545
939 343
799 951
265 356
84 706
30 932
829 380
99 131
70 768
553 362
572 450
511 918
645 282
279 12
218 482
486 720
985 215
19 563
494 787
575 558
227 692
94 337
545 527
892 674
306 609
476 333
439 379
403 833
157 934
586 452
788 888
477 85
304 437
35 894
785 314
804 482
19 894
258 474
106 240
434 699
435 750
275 901
663 302
187 81
139 210
233 243
55 94
115 243
461 803
922 279
172 410
484 388
447 272
751 454
73 299
21 75
578 792
101 157
37 837
802 848
750 522
162 499
458 906
650 268
561 223
946 499
314 281
704 737
941 652
485 272
983 113
822 177
20 235
574 566
797 461
618 698
582 785
345 310
346 25
755 383
8 674
484 943
269 220
342 69
476 975
113 899
955 766
941 831
623 615
730 559
643 665
238 773
332 506
761 728
776 842
383 852
553 367
588 11
511 852
491 296
308 738
825 440
735 197
38 447
701 341
152 782
407 238
84 329
942 701
782 14
753 942
790 533
634 155
822 890
549 914
911 735
71 338
643 341
130 288
442 638
26 369
944 980
852 197
669 537
781 255
840 645
303 783
362 457
969 359
752 113
291 847
199 686
240 805
174 24
505 327
417 805
680 125
554 602
939 908
124 818
322 902
533 576
148 546
793 819
894 133
785 439
585 526
92 391
384 328
646 624
850 215
228 583
895 293
515 363
372 294
319 505
410 519
162 420
984 482
607 774
132 796
902 296
81 188
379 563
529 724
551 363
661 63
175 87
928 706
157 272
603 320
108 802
107 881
806 679
25 498
385 493
594 389
507 472
489 689
517 929
701 923
595 533
927 562
911 345
381 596
823 637
25 592
21 547
117 830
812 754
150 905
198 721
380 300
122 863
204 66
612 71
743 943
793 397
838 897
489 892
199 185
511 763
645 47
42 244
406 637
482 495
869 705
982 416
142 43
4 72
21 886
151 811
852 916
800 39
873 663
44 564
473 769
645 193
20 349
503 613
35 675
98 1
406 462
213 816
364 316
793 636
791 985
889 491
945 393
710 139
841 328
456 682
296 947
994 182
979 214
448 798
265 888
965 983
1 386
257 824
150 45
929 893
670 676
729 556
417 641
483 160
642 397
383 727
311 26
116 498
945 196
214 835
97 283
337 276
233 585
194 695
780 146
323 841
906 256
533 838
384 195
580 359
357 170
989 108
538 799
43 471
885 580
863 717
542 831
748 355
637 483
968 144
436 654
38 718
258 966
833 822
389 368
7 193
889 754
618 464
198 896
931 501
533 393
155 991
211 843
638 870
289 21
329 960
350 885
60 848
575 147
522 109
104 229
851 667
673 143
91 798
975 826
604 325
213 303
324 904
60 608
313 377
955 806
152 569
53 327
132 1000
108 345
190 819
851 228
209 875
933 122
644 995
192 34
163 195
359 398
843 325
573 52
477 991
667 51
322 812
398 745
992 904
130 411
27 769
747 126
330 370
884 829
499 345
303 549
555 976
261 837
637 564
399 715
637 677
663 995
201 449
390 405
499 891
659 684
971 111
613 531
974 119
216 925
717 303
384 973
521 540
150 740
389 340
765 35
141 991
881 558
422 740
804 568
786 635
553 796
381 427
720 251
724 80
322 59
513 834
111 375
298 48
704 979
544 696
47 991
484 795
892 136
158 476
440 161
833 350
172 680
772 849
421 135
702 104
902 606
317 470
937 185
518 654
99 130
355 236
840 908
696 176
680 725
93 416
151 885
776 200
26 491
672 425
972 620
640 951
734 443
778 781
598 410
72 756
408 726
61 292
657 485
732 575
681 495
809 290
850 462
335 42
378 523
509 355
130 238
849 654
940 739
72 672
374 631
948 770
516 590
650 600
779 308
470 737
876 540
490 227
505 40
150 311
893 831
201 509
59 779
500 687
160 674
275 723
332 928
295 300
221 444
263 274
211 549
567 448
58 176
315 579
314 500
465 210
160 896
927 968
508 80
916 63
366 114
223 431
794 927
68 664
314 555
208 11
560 368
962 188
604 617
341 925
583 733
964 609
289 319
717 791
298 167
706 40
9 936
918 694
66 740
913 386
569 224
843 449
223 99
958 402
217 190
180 506
739 1
583 912
437 818
277 717
567 700
137 486
697 614
942 320
752 114
734 38
993 376
44 622
117 32
597 886
637 809
377 147
984 357
877 844
970 920
329 16
735 664
794 234
779 626
339 203
269 652
295 652
885 220
524 902
600 292
642 89
310 459
227 879
836 775
429 471
14 787
722 571
370 433
426 12
858 618
380 762
327 797
129 84
992 508
149 153
498 333
614 103
872 578
417 209
608 204
183 398
959 313
29 804
570 120
129 886
167 922
544 915
247 360
102 693
425 361
551 880
755 173
42 320
29 70
677 810
968 930
612 497
945 248
578 289
764 20
360 818
967 913
553 997
700 780
395 27
194 425
394 551
179 263
242 413
226 886
78 719
320 511
678 844
856 673
740 496
70 687
238 913
721 457
248 657
725 385
468 926
416 817
773 795
208 563
47 90
18 812
420 872
978 942
253 738
416 543
580 797
317 849
49 723
175 375
896 884
568 657
128 750
771 20
226 301
559 477
969 403
453 2
143 890
202 258
554 575
974 604
14 973
225 220
614 342
707 688
135 843
317 676
488 634
771 949
975 419
889 806
854 784
374 814
201 292
475 133
281 380
926 268
448 731
766 79
385 149
328 929
880 766
831 433
361 191
971 818
223 705
731 146
287 592
110 205
458 850
720 385
229 193
864 928
740 211
336 9
502 698
566 371
863 663
4 888
544 669
86 20
307 809
510 980
422 42
891 167
622 53
615 347
808 657
477 538
313 489
385 948
32 79
330 812
675 848
468 946
752 333
951 935
518 562
835 714
451 897
784 690
960 393
979 407
389 759
145 403
39 891
361 573
899 71
5 968
101 675
786 679
527 599
219 568
264 485
618 476
408 409
222 588
335 887
713 3
71 857
64 553
789 207
868 584
426 551
577 877
565 552
852 206
659 687
264 431
241 620
992 420
703 670
63 831
798 166
784 464
322 765
560 119
299 3
634 840
394 187
905 636
731 254
793 565
845 74
480 982
579 418
494 898
565 891
379 216
587 927
237 794
57 76
82 521
692 370
765 260
68 564
52 209
659 363
789 756
95 797
647 762
873 141
854 474
13 538
647 295
713 778
610 694
310 648
337 622
556 583
329 575
146 159
317 70
505 222
804 552
861 521
179 909
465 824
688 821
122 81
710 310
342 618
329 281
279 127
13 47
645 570
796 954
780 279
255 253
903 603
575 782
432 380
996 884
228 734
452 902
382 67
936 843
579 842
137 874
395 46
824 940
495 945
21 216
691 547
138 260
157 488
598 950
488 961
556 306
116 201
462 501
923 869
484 277
879 364
3 360
721 774
780 953
33 260
468 661
346 197
681 836
560 19
501 871
101 125
285 102
750 362
732 305
119 122
523 246
764 130
949 315
129 523
298 898
171 144
212 972
359 815
679 120
437 381
938 178
207 843
265 420
963 797
677 535
15 80
133 229
905 148
394 659
659 101
368 416
646 429
830 222
526 247
49 80
996 742
752 262
753 979
56 381
221 605
229 68
647 781
338 667
359 755
765 876
473 852
292 312
130 655
916 850
713 903
886 192
356 679
841 449
109 921
865 475
575 588
299 833
726 744
508 781
70 12
679 738
205 811
429 163
7 475
338 223
249 840
729 470
725 476
913 751
715 679
990 495
738 284
701 648
242 498
842 453
788 636
515 220
383 642
153 3
603 567
419 320
375 664
906 850
29 513
327 796
699 137
607 768
333 932
82 397
210 342
543 40
988 873
77 134
632 195
870 333
189 953
141 917
608 188
458 831
720 422
114 141
186 270
246 950
601 677
15 518
147 153
81 493
545 831
691 852
531 767
898 850
632 528
123 135
90 942
108 593
532 147
635 167
554 311
864 739
377 528
750 211
769 592
131 427
702 86
995 168
464 672
235 751
381 805
477 678
333 898
355 214
564 2
657 864
79 519
942 643
834 280
912 434
640 961
491 423
734 481
365 386
238 752
593 658
244 629
830 980
390 833
799 687
645 481
919 6
919 260
942 747
657 19
953 900
292 50
564 695
740 944
616 852
66 707
914 533
330 348
775 596
758 820
804 589
642 395
334 431
245 272
905 959
871 124
144 295
497 755
599 598
853 834
63 166
486 181
470 558
966 739
345 418
76 689
93 845
392 752
546 433
853 819
267 176
881 806
594 69
578 862
483 542
963 264
620 753
949 805
362 641
185 136
756 336
519 23
190 411
101 36
998 306
52 472
414 195
901 723
579 457
157 99
217 648
949 199
825 969
632 445
371 659
122 535
600 923
416 146
436 93
312 99
557 531
320 574
873 966
90 472
536 818
609 844
557 676
860 891
517 54
336 37
422 186
687 762
672 161
365 324
187 940
888 783
87 667
754 436
38 453
596 439
333 823
840 993
161 462
341 284
846 706
972 858
75 977
499 573
615 731
58 516
225 29
342 73
83 427
240 766
61 480
103 903
27 688
945 149
31 216
416 199
254 19
789 492
634 661
358 61
16 830
366 536
439 212
480 427
445 809
28 909
417 446
471 231
993 73
609 450
488 885
860 767
807 478
628 73
646 856
495 82
613 283
6 187
580 212
798 167
690 532
379 509
585 314
785 482
146 566
953 318
824 142
186 343
78 217
246 847
484 80
931 403
441 899
517 999
702 147
285 163
679 87
937 524
665 573
775 448
587 764
731 330
199 242
381 651
311 980
493 977
739 777
811 500
761 705
333 616
702 180
428 828
450 772
807 832
611 323
982 494
584 905
469 137
52 871
645 246
585 717
838 564
347 850
111 729
635 423
218 685
277 536
321 34
364 262
558 408
829 204
207 200
616 679
343 287
53 910
899 418
404 524
336 842
5 811
173 185
176 739
799 389
598 937
876 376
269 870
382 241
205 616
173 202
396 367
201 129
440 967
906 556
598 962
533 779
537 456
224 989
991 895
513 332
932 367
298 591
154 555
837 278
882 385
797 790
226 829
768 978
885 683
246 939
232 229
910 616
677 931
552 952
937 846
105 971
354 584
214 164
538 223
45 50
661 363
672 69
647 328
544 599
302 843
867 962
260 475
699 179
51 502
967 828
34 760
787 42
113 17
609 884
849 204
902 937
468 789
397 303
229 732
910 87
295 279
723 646
133 390
62 308
88 911
344 57
914 253
2 451
365 413
776 230
761 424
196 223
472 413
477 833
149 513
187 690
586 404
514 473
252 864
592 524
252 156
946 12
912 132
949 866
890 42
662 816
149 739
524 817
541 845
430 244
81 555
417 683
225 182
700 258
488 512
159 111
344 740
155 184
810 462
591 104
297 722
392 838
671 960
954 212
245 107
172 121
48 183
597 902
508 289
699 136
202 928
3 657
833 958
150 576
119 665
160 704
582 455
305 425
787 559
872 723
944 192
393 862
910 981
547 957
966 817
105 341
164 199
471 354
405 592
190 222
262 827
509 540
151 721
429 842
725 572
333 696
484 846
902 235
243 737
561 644
768 506
4 932
155 304
171 824
393 363
503 320
30 592
986 810
326 315
971 178
868 266
320 352
672 245
588 953
520 425
683 919
544 63
840 966
244 630
26 289
407 124
778 880
326 116
933 304
883 710
130 434
683 706
999 164
726 612
805 891
758 821
740 768
709 479
175 599
306 290
133 18
755 561
923 401
121 289
874 161
141 500
370 693
366 637
242 567
319 393
437 686
486 170
234 147
127 684
275 559
663 704
557 61
797 590
896 289
719 857
444 777
357 56
530 986
487 933
717 264
722 158
394 133
180 662
641 140
7 851
157 98
531 457
182 300
399 37
830 347
760 755
945 615
696 859
34 862
18 315
440 25
223 374
760 610
309 529
584 688
936 343
338 943
389 817
119 86
263 792
381 855
347 683
415 211
351 99
613 668
892 325
880 520
491 356
878 272
759 23
800 70
268 740
382 542
809 920
414 761
571 537
341 283
58 803
256 935
179 423
196 981
948 612
416 573
719 475
5 933
945 426
909 79
178 475
16 386
456 713
383 406
666 324
408 620
581 343
619 172
264 194
897 696
97 90
689 830
652 134
266 985
504 68
516 597
395 386
45 43
482 647
827 96
433 520
72 151
752 285
336 540
558 411
928 944
139 59
31 505
642 142
1 62
609 449
920 276
813 183
651 164
580 326
211 669
106 461
823 994
310 211
836 127
15 698
508 216
474 472
826 53
394 185
179 59
696 537
34 896
436 796
530 573
312 290
459 405
519 139
146 954
302 957
289 54
643 899
881 181
693 626
960 781
354 532
148 156
513 839
91 895
990 633
84 351
650 168
815 630
946 334
748 571
414 617
473 51
33 689
901 121
243 729
63 322
872 678
565 140
795 923
227 77
190 835
160 402
595 784
5 342
706 485
50 650
84 305
782 54
900 453
982 713
89 270
772 159
645 407
558 904
761 380
687 108
503 735
907 467
671 138
776 668
550 814
330 258
793 682
645 585
850 461
173 184
242 421
174 115
692 756
443 94
653 255
31 191
359 226
14 907
699 385
594 857
228 687
211 347
324 218
606 688
645 497
371 97
780 853
672 822
984 968
551 666
36 421
846 498
116 203
590 163
106 289
824 652
931 336
533 236
609 350
681 825
59 893
996 394
180 735
746 352
927 949
417 20
275 434
919 997
665 766
59 603
853 281
727 8
318 260
860 623
437 433
5 246
531 850
470 386
995 289
961 369
568 205
19 151
682 189
756 974
557 747
924 146
229 586
489 789
971 137
905 235
274 458
527 610
653 718
456 980
643 456
328 502
141 11
198 196
485 416
773 710
628 673
226 149
892 864
264 426
607 313
258 152
96 748
776 453
250 398
863 671
46 90
358 152
804 2
24 628
978 269
724 217
706 828
469 962
608 882
475 269
537 314
811 695
847 29
975 456
566 257
287 970
704 436
262 252
229 939
943 671
620 632
396 626
271 582
827 446
955 229
944 114
764 595
980 656
674 327
675 226
622 82
362 683
863 777
594 494
53 221
300 357
940 692
96 348
347 130
557 267
280 201
731 56
324 754
876 967
282 314
630 814
811 128
495 363
670 69
697 233
418 474
539 794
937 911
816 745
263 678
178 654
330 485
677 696
694 718
458 622
241 118
750 205
481 967
464 275
446 391
178 574
19 179
445 213
929 808
913 355
566 551
914 60
679 380
920 597
260 222
668 243
27 253
174 636
820 438
144 959
679 461
40 547
593 532
957 235
942 931
706 301
999 624
77 56
498 776
972 424
810 287
482 801
947 90
896 984
36 859
468 814
45 659
232 934
340 433
302 109
110 954
53 965
423 619
582 134
978 350
231 910
782 554
328 375
864 281
438 236
611 564
188 963
266 220
580 589
173 17
46 481
528 32
893 642
819 547
795 847
352 220
651 298
799 114
965 134
452 111
716 780
898 321
332 517
519 371
152 163
334 79
395 505
586 988
36 509
833 107
557 77
150 621
335 547
430 717
162 55
381 161
702 677
722 159
543 415
121 860
626 963
972 731
901 721
940 377
688 226
906 57
1000 148
263 484
301 689
215 943
843 590
717 105
575 159
6 398
997 201
800 667
11 484
661 418
116 711
959 141
82 947
377 577
998 749
692 264
33 157
273 654
56 106
720 49
481 995
43 804
693 617
391 803
411 792
242 390
855 989
159 986
53 323
695 820
592 251
520 360
429 622
17 274
40 973
995 87
958 425
35 754
507 913
305 505
14 368
2 392
274 677
247 576
732 672
658 831
52 594
540 168
292 449
793 604
867 335
121 113
710 235
602 992
420 109
386 13
481 137
690 127
477 253
465 669
378 610
396 325
164 11
700 155
166 859
480 62
432 433
968 323
642 28
475 373
148 341
996 689
633 345
944 476
599 628
546 608
943 742
676 995
989 356
827 393
756 17
10 293
656 383
668 658
931 183
716 903
609 305
577 787
318 767
620 727
215 109
110 381
682 642
115 425
560 106
945 672
984 465
202 105
595 608
526 674
945 561
693 179
879 152
57 81
74 787
433 898
285 161
832 32
588 318
754 18
458 599
405 760
464 332
711 448
869 692
462 890
302 527
692 403
804 885
713 920
860 857
406 569
135 938
709 816
835 397
839 429
503 801
968 906
38 404
597 139
411 2
236 696
550 51
585 883
256 789
351 868
579 513
984 111
235 983
358 202
697 959
183 732
739 340
188 54
857 729
373 254
891 16
948 744
218 973
325 19
844 905
847 282
433 10
785 317
839 902
552 64
257 868
455 889
633 27
174 227
529 816
396 361
571 349
129 418
554 645
871 493
701 722
405 21
45 14
376 155
838 864
572 865
132 918
975 356
262 273
748 376
708 353
157 485
219 250
250 815
789 224
223 868
684 506
153 326
319 337
157 406
769 28
293 886
974 87
759 967
112 538
63 860
926 474
731 174
452 405
538 706
242 319
104 914
676 628
57 508
241 937
114 247
376 301
958 858
483 310
375 252
674 117
180 510
290 650
114 70
86 992
507 29
327 270
593 508
886 539
961 368
172 761
982 46
644 355
756 975
122 815
48 902
30 634
915 464
276 670
8 20
308 751
610 955
312 746
278 387
812 847
448 506
446 597
213 182
243 128
934 254
277 713
192 647
672 457
507 566
382 934
737 661
905 597
850 745
853 375
123 518
568 761
911 587
827 900
457 962
95 468
283 758
16 459
953 990
148 696
442 349
903 440
351 655
852 416
11 704
107 411
895 450
833 776
865 43
210 928
780 20
279 675
895 339
128 979
556 499
349 363
715 232
978 413
671 962
709 27
641 363
646 516
661 770
676 827
823 948
162 431
495 234
483 743
393 755
768 769
107 999
112 959
688 104
906 947
889 729
194 993
160 561
287 632
957 198
983 16
954 790
998 631
11 507
485 384
358 918
949 17
818 652
631 435
958 193
725 570
670 693
251 79
142 786
181 808
221 875
186 990
562 873
725 683
618 957
748 636
360 837
994 668
938 808
230 842
873 521
915 492
844 446
386 738
652 713
393 506
469 335
401 39
928 660
776 53
703 474
338 634
834 279
252 928
383 158
579 339
658 155
678 287
607 143
369 725
636 653
922 763
948 561
383 508
294 615
272 65
606 988
19 844
296 839
723 224
117 177
508 754
514 221
40 332
653 262
729 672
894 170
725 145
684 668
352 221
405 77
158 783
515 330
663 706
613 2
400 594
989 432
779 94
798 334
347 112
475 935
208 282
724 690
107 848
533 404
556 27
760 646
7 845
670 952
413 22
904 475
512 412
124 100
824 274
989 884
128 763
798 778
712 455
311 973
437 690
384 546
593 452
846 534
16 296
269 473
143 448
401 225
826 706
702 113
142 8
456 926
471 821
754 435
113 313
478 243
269 12
877 311
291 556
630 145
151 40
155 173
453 17
274 565
404 644
136 686
575 197
766 576
897 525
71 422
199 621
754 740
481 177
541 642
837 251
912 206
254 391
24 555
404 986
830 672
724 163
780 77
69 948
384 390
992 235
512 197
554 186
487 511
73 416
112 650
663 369
405 97
941 111
893 790
326 685
220 416
519 342
903 55
896 271
163 768
721 798
43 310
673 979
201 245
177 22
388 522
25 976
501 911
713 579
825 889
110 237
486 712
42 373
665 294
543 259
11 434
621 543
968 879
863 614
61 552
501 673
652 100
972 990
518 470
830 452
389 130
797 5
835 366
394 616
370 407
159 808
858 817
626 89
167 269
543 950
811 694
15 233
678 923
94 338
563 489
503 266
885 329
712 748
352 908
593 161
913 187
183 569
761 401
482 242
499 694
302 345
395 521
711 7
972 497
408 684
156 742
732 645
435 425
330 177
849 999
601 282
351 579
74 186
681 466
779 589
447 939
799 390
749 79
766 719
715 703
419 74
284 702
849 641
27 657
875 949
751 145
89 968
535 249
810 808
79 173
119 912
173 88
233 245
50 997
144 354
515 373
383 635
242 637
499 86
742 438
444 749
159 170
880 683
186 20
439 938
578 786
337 224
51 910
819 824
852 433
508 143
148 72
684 394
371 897
245 920
266 63
586 327
470 823
896 154
825 804
902 96
263 414
655 936
837 565
786 713
938 412
702 461
519 415
722 503
579 386
432 617
589 101
639 995
566 319
454 517
539 673
868 51
248 924
964 622
361 825
364 786
644 364
829 696
740 501
958 4
262 527
797 756
764 467
567 435
41 322
248 890
190 893
378 5
236 235
960 382
517 412
458 720
244 750
632 948
445 401
601 43
655 258
969 527
877 366
1 877
809 982
622 578
330 66
155 149
853 374
785 254
307 334
737 773
131 924
528 280
781 74
857 668
454 104
128 694
412 322
607 328
679 879
495 610
900 616
241 426
823 352
573 345
651 435
176 785
953 703
2 949
439 232
315 422
263 62
410 414
894 30
112 722
353 728
907 235
272 546
883 216
517 614
391 811
548 382
399 300
201 950
479 626
834 543
949 894
72 286
517 538
849 58
171 466
177 581
290 316
128 399
938 368
134 373
63 81
194 128
17 633
473 335
751 932
830 269
598 247
906 357
682 780
683 93
78 673
924 833
686 928
234 931
113 50
955 897
618 973
30 599
169 241
874 822
331 165
703 453
274 932
749 391
329 324
192 988
835 866
213 826
74 16
227 754
31 962
123 549
328 411
738 218
598 566
862 363
871 491
934 638
286 423
141 352
25 447
432 407
141 497
2 59
123 853
918 171
746 994
512 598
684 300
868 593
941 411
45 230
466 829
28 980
984 898
824 727
732 32
594 65
78 86
78 269
104 717
548 402
508 183
495 427
958 561
245 848
48 436
637 110
857 537
38 595
632 338
546 30
159 529
933 718
518 88
959 62
484 926
360 132
164 796
476 866
795 658
959 143
229 942
184 952
949 485
200 700
455 156
629 202
481 993
759 498
946 685
929 857
334 494
628 332
193 70
781 637
947 877
658 392
643 612
977 582
905 289
963 676
952 772
327 132
972 383
645 303
424 445
227 304
446 530
252 965
398 977
22 845
188 445
299 892
448 82
857 826
488 927
184 716
295 924
723 929
728 9
302 28
732 593
793 127
405 285
353 68
871 446
268 43
235 152
932 2
610 420
761 48
157 765
124 880
984 721
947 455
306 453
119 237
921 160
244 9
63 759
836 821
766 434
272 332
384 310
499 125
811 526
922 429
797 559
926 365
785 659
257 474
427 918
431 966
879 452
94 900
76 439
738 772
81 15
635 672
983 106
897 283
919 325
100 396
483 284
637 227
730 775
803 508
967 566
215 845
878 247
471 295
474 249
203 909
114 32
721 72
151 677
498 195
387 212
801 80
630 647
556 798
651 754
706 298
263 744
13 533
285 848
747 909
245 990
844 225
579 852
172 678
531 25
312 865
96 904
540 857
321 21
964 809
752 287
778 371
511 782
458 134
230 994
855 304
423 144
771 378
689 659
407 48
9 737
230 637
838 380
936 500
460 734
463 201
231 157
287 415
402 590
4 435
188 48
460 813
931 648
109 722
42 761
899 422
386 239
649 691
468 408
525 32
709 259
747 80
361 685
107 433
35 300
506 961
37 194
684 583
633 25
210 954
597 702
650 578
637 722
878 967
969 136
150 665
644 128
724 934
301 819
999 348
146 884
680 452
478 981
580 165
85 769
964 4
223 759
208 340
299 175
535 409
67 411
360 431
542 208
809 515
744 309
919 62
559 810
690 903
837 564
15 264
110 142
441 931
115 308
916 436
720 221
61 587
695 600
96 694
762 539
981 891
87 392
489 905
256 550
702 191
939 283
545 224
660 663
536 925
386 540
133 369
563 452
928 71
378 2
30 907
970 462
939 569
178 813
622 720
787 893
705 4
455 981
931 582
765 224
763 507
782 503
587 169
221 491
296 990
387 297
465 569
541 728
447 889
433 219
343 952
415 479
182 510
628 602
495 621
685 493
151 305
871 454
534 242
457 190
131 701
225 202
465 731
525 469
653 224
487 334
951 479
426 710
667 908
996 837
509 99
182 139
76 650
684 329
408 244
444 754
768 660
474 381
149 163
498 327
816 160
599 687
488 177
984 854
492 873
418 132
516 989
675 360
370 141
902 434
870 326
263 364
985 920
592 726
76 511
994 854
349 813
794 586
137 325
94 751
935 399
168 897
812 346
669 255
469 84
161 456
548 684
293 731
683 463
685 629
579 14
962 154
695 700
476 938
185 307
403 484
904 287
228 702
816 635
952 11
200 784
576 695
321 44
564 152
565 193
535 414
214 889
916 541
702 42
27 254
360 613
787 808
402 374
406 342
175 31
527 810
775 887
537 814
972 427
153 565
120 576
852 881
197 324
14 266
74 17
112 164
149 545
61 245
210 721
727 980
895 130
754 766
663 24
283 724
502 472
729 388
822 635
969 405
993 15
830 650
724 137
432 313
840 390
378 589
988 262
684 527
7 378
414 510
291 479
521 958
297 818
837 456
29 445
533 847
872 533
104 703
680 412
862 932
404 4
92 823
832 631
133 542
488 173
642 968
863 878
578 970
501 937
870 354
375 896
251 670
214 262
309 50
686 624
636 299
747 642
968 885
147 184
756 764
129 180
981 721
268 860
983 423
200 558
633 560
503 2
12 901
731 295
971 372
602 56
30 545
895 669
444 779
717 985
847 862
98 86
711 255
916 240
402 203
369 772
815 301
906 993
865 548
543 544
251 425
240 902
666 686
236 809
801 721
896 935
269 923
952 611
679 720
205 797
496 367
403 813
27 873
583 372
258 95
503 789
434 828
908 951
634 303
282 504
563 873
712 621
339 367
947 454
896 628
662 111
257 520
719 106
813 401
62 927
893 675
514 46
257 63
77 406
404 826
817 395
337 361
875 745
751 426
309 707
419 287
349 706
656 535
600 512
341 722
305 356
548 288
950 116
988 959
836 692
917 117
223 658
557 174
405 833
888 251
764 918
690 529
66 580
378 850
816 967
85 590
87 196
656 528
396 795
94 788
169 739
526 673
124 27
786 626
290 357
972 841
516 358
963 918
267 671
493 672
950 688
534 947
385 712
479 248
601 898
671 449
470 469
635 239
601 819
275 699
602 28
825 315
376 367
316 954
160 406
269 332
731 545
26 579
209 831
856 270
123 273
787 864
844 343
135 692
355 354
467 284
250 148
503 554
307 455
153 505
554 844
687 104
728 119
250 263
624 56
754 695
810 613
723 956
541 755
912 157
107 35
684 945
314 133
638 440
935 832
336 990
656 778
887 772
747 369
967 922
715 927
646 543
404 222
280 932
102 983
620 528
641 445
551 662
405 39
120 274
565 534
837 273
309 328
38 702
366 795
242 861
688 79
172 176
252 134
915 936
988 818
538 705
906 109
25 547
502 629
492 443
206 525
7 548
450 67
893 493
986 49
659 141
401 397
136 206
372 940
545 118
639 882
485 587
610 596
312 911
938 79
702 188
587 364
164 523
739 856
276 570
246 411
18 219
545 848
543 805
161 623
109 881
574 197
353 455
112 668
132 973
622 721
143 728
239 951
535 746
863 169
386 831
683 575
353 304
89 366
914 265
782 196
97 843
430 985
246 212
549 107
914 408
644 817
695 841
809 263
421 585
796 523
148 554
993 83
150 136
581 188
287 33
953 701
220 68
239 472
831 676
984 569
824 846
749 775
382 496
799 899
439 795
813 106
620 628
487 559
381 40
499 165
997 806
319 374
394 27
660 274
178 356
637 72
655 537
87 107
203 630
739 648
122 650
673 778
689 400
552 921
613 48
206 766
464 489
546 107
638 733
161 463
513 786
109 273
91 721
256 485
938 257
868 402
761 930
298 96
765 710
52 151
751 791
203 805
189 266
264 959
446 395
48 982
678 854
97 683
338 855
507 792
592 162
189 236
138 698
69 598
808 474
881 132
654 57
394 915
628 874
227 359
728 128
876 8
456 579
809 65
791 977
361 586
452 663
625 409
702 596
22 129
157 870
680 65
2 117
130 62
684 633
596 93
120 910
858 900
783 787
595 110
23 926
136 866
391 218
896 536
419 149
64 708
395 108
513 257
306 513
548 534
524 437
96 213
99 790
278 699
266 147
253 1
453 591
970 635
534 360
367 9
850 981
872 677
210 308
301 907
163 912
585 256
629 599
959 346
279 948
357 436
323 252
108 894
716 637
293 924
829 826
635 631
545 355
746 420
983 49
694 908
753 448
971 521
73 854
275 494
721 98
460 18
835 230
297 439
308 110
238 235
63 452
810 866
543 590
123 185
251 108
632 673
32 471
632 784
136 21
212 736
798 555
251 330
434 358
52 905
679 284
829 367
903 936
193 245
856 307
527 152
878 887
784 932
717 570
79 737
830 875
528 565
472 427
658 901
944 773
887 767
286 852
412 567
841 387
902 137
456 639
460 779
689 599
191 949
947 299
975 249
879 912
942 498
466 475
917 688
554 538
101 573
407 722
871 9
876 417
624 330
357 635
810 819
44 339
7 345
27 551
585 113
847 209
284 785
955 176
243 66
15 528
162 484
665 459
906 999
29 884
447 453
824 612
197 558
256 16
664 141
58 164
573 835
228 244
708 190
410 793
108 866
719 606
479 965
800 588
138 175
530 733
199 458
293 513
556 905
703 970
162 810
378 411
604 925
241 161
803 254
428 683
195 688
967 854
149 949
453 313
109 251
557 750
493 860
890 445
193 209
913 184
752 352
364 94
610 770
331 367
369 944
23 429
373 984
134 782
35 936
451 866
527 877
360 717
568 370
734 419
274 645
61 203
814 507
743 435
134 921
395 923
760 230
166 526
4 445
888 638
83 476
211 147
178 504
804 388
809 298
793 685
97 8
451 529
931 795
642 474
93 124
921 273
64 366
841 106
914 742
315 415
210 75
466 225
608 986
334 24
889 999
430 559
822 509
201 485
390 105
632 468
937 918
243 207
277 66
141 874
431 597
324 667
343 169
73 925
920 898
347 866
824 350
355 884
526 557
673 79
988 957
103 958
420 696
75 450
403 315
886 910
65 168
599 303
86 198
329 627
347 662
847 785
773 926
43 753
482 435
854 219
458 3
530 133
986 963
791 750
958 357
411 226
550 83
235 951
204 618
687 15
9 620
726 739
178 13
416 634
619 218
987 862
235 213
684 918
170 840
139 267
233 436
714 397
382 23
58 681
993 82
870 824
14 872
275 936
24 63
242 525
205 663
150 376
349 961
854 780
553 57
182 137
239 328
764 761
893 987
340 973
424 857
417 376
91 321
310 237
6 234
381 152
664 854
685 960
907 458
671 381
54 145
57 435
403 155
480 550
74 790
350 635
498 182
996 137
530 549
786 955
976 85
540 590
263 459
267 678
808 814
91 954
204 123
242 258
463 734
502 880
503 169
930 493
181 677
972 112
77 596
243 660
481 777
156 101
179 444
715 222
739 212
8 52
27 831
199 982
604 968
249 899
378 919
402 391
866 160
725 513
72 677
936 462
634 55
83 295
508 808
128 742
3 166
741 790
101 695
18 601
607 425
3 311
386 213
728 874
344 599
258 411
658 664
770 510
831 731
922 293
603 996
121 404
505 565
253 175
770 401
883 264
24 371
10 266
283 786
267 169
695 169
861 321
862 938
774 312
354 953
831 441
542 804
335 558
637 506
158 45
491 987
806 873
241 457
186 442
123 826
746 274
608 351
699 904
812 425
638 879
879 131
574 759
216 387
247 501
285 216
323 285
697 8
128 285
57 169
95 801
82 940
194 18
468 629
51 391
103 966
397 655
255 943
915 46
243 707
782 258
622 48
787 104
327 99
274 109
920 519
581 121
905 213
325 590
821 841
843 897
437 592
187 933
388 372
635 35
468 954
565 340
470 326
61 53
818 848
674 748
86 216
226 698
782 894
417 922
774 496
225 383
456 719
633 913
11 703
139 450
14 78
875 60
468 382
605 331
845 732
520 903
226 440
866 554
123 800
219 929
384 410
486 249
201 383
242 597
22 383
4 726
29 593
993 343
896 404
73 309
861 308
267 149
519 338
885 446
978 240
120 248
34 376
959 968
717 341
185 828
441 170
543 489
637 414
842 722
609 677
955 401
777 913
462 643
543 382
360 453
567 356
838 939
258 850
967 563
309 133
354 558
27 155
13 641
203 799
241 160
332 121
649 393
887 233
868 234
317 380
464 720
247 255
380 476
364 953
368 444
97 722
43 660
970 425
55 715
455 419
912 408
688 862
743 545
286 919
621 240
737 531
311 608
61 89
120 523
616 496
800 211
910 156
14 337
715 452
260 771
662 717
221 275
740 529
544 236
982 562
4 446
577 404
672 640
752 852
735 687
258 33
921 359
206 411
634 478
603 759
874 449
110 887
688 995
845 704
438 830
872 802
357 934
768 621
530 868
129 421
274 838
349 258
921 129
650 577
79 169
304 141
289 575
714 328
295 449
232 250
585 509
803 50
555 725
167 651
797 560
90 948
436 728
100 333
102 823
674 428
767 547
718 93
556 72
719 652
461 140
708 147
876 178
294 454
549 20
647 304
30 306
513 820
91 800
399 27
937 704
761 900
311 353
428 761
432 764
385 541
82 884
1000 399
381 413
179 306
74 548
956 586
905 156
553 658
971 143
748 958
625 474
61 543
708 742
435 122
218 630
75 35
423 741
925 611
749 415
47 604
652 512
763 271
718 769
351 980
45 875
691 75
587 635
107 112
568 766
737 793
577 368
210 891
581 408
718 547
476 218
871 451
927 317
505 318
536 624
897 674
443 112
483 959
104 168
840 508
179 682
721 559
24 745
776 696
230 43
965 172
921 14
21 616
101 342
885 161
487 553
646 648
208 420
962 725
263 216
792 744
565 616
949 969
407 757
879 392
203 667
434 664
167 329
742 176
543 417
764 300
233 896
219 85
366 164
3 948
134 222
142 757
949 235
627 449
720 301
67 150
655 825
986 96
553 835
401 478
972 915
132 346
479 173
300 241
251 66
52 145
592 902
354 329
946 645
673 487
181 676
665 879
63 744
264 48
708 587
617 404
113 135
424 310
227 395
839 112
747 383
238 521
903 983
288 372
236 90
222 29
631 867
815 104
853 421
726 669
657 122
71 825
588 662
644 896
95 422
136 695
232 940
49 714
946 88
880 220
311 334
135 924
136 518
174 66
411 412
970 933
952 680
993 12
847 473
387 663
80 931
600 154
638 502
300 93
899 87
438 230
305 147
92 125
629 130
776 852
729 724
390 444
724 985
963 355
965 273
426 570
401 894
456 255
849 376
522 430
232 262
453 734
517 745
419 578
650 458
669 446
872 310
64 787
341 541
91 74
204 299
314 487
122 684
926 166
65 507
976 527
976 163
204 944
145 104
526 635
32 267
877 861
218 234
973 330
406 821
505 858
493 664
471 637
683 1000
869 666
907 949
565 177
35 922
345 22
274 106
994 701
422 178
672 185
714 556
970 434
327 243
644 183
518 524
762 816
374 10
363 295
805 452
717 568
792 753
922 672
118 15
329 356
41 184
832 349
210 545
782 895
197 293
736 697
442 572
960 49
374 327
857 687
1 587
847 750
297 480
886 290
176 767
582 43
163 459
864 332
960 223
724 168
802 526
213 685
130 179
119 907
249 761
694 435
418 271
935 959
917 400
77 403
433 262
116 79
867 817
923 739
578 22
432 6
766 1
716 814
935 524
58 64
759 840
634 639
625 298
232 467
567 65
129 235
385 257
258 561
707 175
401 747
161 171
641 225
751 250
935 451
702 474
703 871
775 282
464 36
462 563
966 38
56 814
627 441
664 429
608 590
33 156
775 427
259 229
289 184
820 947
32 516
941 976
534 528
952 87
492 368
437 657
933 764
492 604
782 287
677 459
520 266
539 486
138 737
92 812
722 995
709 971
359 710
456 959
54 464
274 368
667 459
170 673
305 654
753 776
27 985
315 202
411 294
602 607
567 707
14 705
244 804
174 11
362 363
774 772
926 741
511 334
258 62
976 75
830 758
174 122
842 160
992 797
944 656
161 414
55 34
865 114
187 106
909 991
163 197
534 52
701 605
379 691
16 929
570 264
4 828
358 307
362 702
133 80
725 861
64 812
375 980
727 291
181 139
777 908
390 137
871 576
470 187
906 535
941 530
87 166
401 497
133 970
318 78
502 763
346 927
739 988
796 330
468 686
929 916
658 298
17 690
454 905
22 717
569 157
385 858
635 140
470 359
972 221
441 611
728 393
731 526
109 878
493 719
15 230
636 166
373 777
783 324
678 154
387 15
870 754
767 334
734 413
918 324
581 502
219 820
467 170
362 316
326 147
992 987
495 760
666 276
539 14
692 544
16 449
474 773
342 850
376 55
650 768
122 882
734 688
893 518
37 422
645 807
387 715
463 543
249 704
31 152
605 35
888 489
618 190
249 689
177 444
140 768
641 365
332 536
318 589
533 152
3 665
210 335
832 397
16 540
685 830
915 969
205 458
354 757
171 457
881 748
916 485
864 926
744 164
997 222
452 507
102 562
985 702
508 352
498 775
171 247
617 331
765 872
228 371
265 463
246 105
346 738
75 480
566 891
773 111
448 318
606 507
734 716
455 469
75 188
672 13
726 944
657 863
711 164
947 295
805 303
22 971
246 21
202 199
178 226
959 699
601 443
639 343
881 587
636 651
415 302
519 932
631 640
10 756
871 401
657 411
589 928
145 719
767 725
44 475
634 279
562 24
983 680
499 610
163 447
277 171
280 705
44 362
245 743
853 984
733 114
666 189
614 223
335 778
599 692
163 606
328 92
37 700
651 176
177 297
215 209
860 234
558 353
157 344
987 233
627 190
628 237
669 445
816 991
789 793
124 412
570 34
152 503
389 502
997 97
11 396
531 693
436 951
740 197
246 538
742 971
110 53
755 256
134 485
108 686
90 417
627 762
310 698
607 262
17 378
329 696
35 341
517 61
166 37
725 314
728 466
48 836
714 557
456 821
937 330
757 585
498 668
191 579
231 406
622 310
252 595
734 315
19 434
830 878
173 537
464 931
336 135
434 71
153 770
787 953
330 52
757 875
745 915
274 908
430 491
362 485
541 879
878 997
537 959
277 283
28 450
340 476
303 712
790 202
386 4
278 30
779 551
466 470
693 949
362 135
573 299
135 784
453 381
3 418
758 920
762 471
339 378
90 700
382 444
704 222
612 793
277 48
104 624
339 491
141 609
915 690
1 54
295 428
392 661
323 959
677 607
609 330
2 664
522 323
278 565
584 24
505 817
380 939
950 507
509 777
384 984
760 825
848 300
53 304
449 663
388 790
595 726
501 683
502 668
45 59
851 471
177 240
156 194
924 791
542 450
66 11
319 847
960 546
60 512
217 909
186 912
692 410
645 39
40 513
522 761
602 395
530 156
948 179
491 312
847 943
192 891
448 405
341 342
58 860
166 901
601 66
217 329
277 559
465 839
815 35
636 604
987 966
532 775
394 935
352 351
121 22
305 879
73 155
625 422
843 491
956 202
244 852
706 929
211 5
197 58
533 560
550 758
310 331
771 231
486 8
667 935
568 800
328 5
148 368
224 982
978 67
361 67
107 611
662 361
116 211
137 626
615 267
196 171
203 753
681 801
43 264
854 560
953 409
342 260
380 975
751 586
402 681
587 396
336 531
371 677
138 846
293 546
555 147
294 325
341 822
534 851
494 268
351 397
578 323
410 688
324 971
790 852
648 877
498 962
405 528
412 438
218 453
963 247
291 30
501 338
412 293
505 179
203 488
39 582
730 459
130 645
459 723
745 986
982 749
31 608
917 930
330 76
594 753
169 458
980 6
670 862
838 492
645 516
938 542
260 550
227 557
581 390
66 757
987 851
895 122
953 999
456 265
952 654
690 62
713 394
642 445
810 871
116 482
961 753
581 184
747 192
784 86
168 443
177 435
106 107
107 702
71 795
185 920
594 196
775 921
358 333
34 143
93 656
367 497
927 972
480 731
262 135
263 218
732 642
126 433
612 677
615 444
543 419
671 382
674 462
50 566
551 916
220 644
547 783
134 220
708 241
466 516
309 74
384 831
87 325
470 55
199 399
716 315
698 282
916 341
739 618
332 44
560 279
542 395
817 696
488 370
114 24
381 842
21 777
460 351
192 645
190 944
790 316
913 347
736 962
109 192
95 125
144 951
967 57
933 249
403 566
481 298
152 886
763 188
70 836
914 214
240 927
352 569
526 507
468 135
911 519
46 791
273 375
349 132
994 219
44 694
10 866
588 861
344 828
552 225
803 525
611 862
73 66
156 603
231 49
16 46
474 998
625 622
218 908
420 448
149 782
945 359
857 627
93 929
171 987
853 999
913 594
736 219
845 535
701 531
667 623
617 712
599 616
945 65
374 805
270 844
63 461
422 955
206 98
651 179
638 33
819 969
289 854
439 1000
243 27
957 875
962 567
689 469
564 743
105 30
859 933
16 633
536 320
976 903
741 393
390 199
86 726
214 283
750 697
404 359
388 940
394 940
981 619
584 475
693 167
473 316
530 516
323 286
952 462
823 597
440 975
522 992
318 7
476 21
937 431
743 967
299 694
104 286
530 294
144 757
678 886
995 206
592 17
502 962
393 398
209 524
752 489
553 607
406 644
322 495
929 701
550 15
476 600
593 616
939 516
869 971
514 923
615 65
956 961
773 757
631 833
636 569
104 331
696 510
370 985
645 459
212 160
875 160
415 269
553 164
251 343
259 300
611 890
763 535
31 829
408 484
836 940
864 317
443 186
745 494
819 519
132 954
59 906
609 451
872 999
907 216
410 464
927 21
667 493
91 285
676 781
665 94
206 126
689 96
334 830
855 343
931 191
243 247
10 188
618 425
102 782
487 960
772 776
185 178
828 924
462 646
245 830
693 266
696 546
777 999
962 317
526 682
998 423
87 156
659 263
53 28
632 483
906 340
450 120
308 78
437 165
267 240
303 341
68 590
640 327
545 222
857 348
316 140
271 280
537 836
256 719
332 346
631 150
958 482
118 335
209 673
946 474
14 58
643 582
894 784
484 192
26 588
626 636
191 614
527 248
434 153
682 698
408 772
154 296
728 205
930 869
952 917
844 675
210 515
841 419
288 557
808 180
554 984
791 21
903 575
80 847
54 547
761 101
860 320
670 801
177 180
133 717
748 293
78 119
19 909
557 900
22 431
231 924
563 761
704 288
724 397
534 698
319 456
785 736
971 905
515 395
135 426
547 58
430 674
569 598
519 448
744 428
836 34
542 209
713 407
884 328
133 790
689 366
752 998
879 87
203 990
596 154
294 491
11 471
855 206
858 222
289 233
935 118
186 595
778 447
411 698
674 82
241 65
575 44
856 546
677 785
281 718
949 295
556 655
728 923
715 316
215 546
716 69
75 87
661 708
701 503
403 684
537 556
354 130
317 14
155 479
835 593
319 576
997 197
307 8
156 299
994 466
334 883
668 23
407 253
206 385
770 547
398 992
37 96
592 473
903 893
923 67
652 515
523 909
658 236
201 879
628 898
511 14
166 479
443 806
689 514
336 289
709 719
529 89
658 895
354 563
202 387
75 915
267 665
528 287
121 977
640 477
646 481
749 591
73 182
457 215
905 831
953 855
76 930
576 442
79 25
782 583
728 741
712 682
755 716
497 716
24 748
565 520
44 279
345 793
242 664
715 783
718 226
132 769
59 803
760 916
44 53
428 148
489 386
920 196
834 534
986 333
676 48
141 906
114 128
578 531
377 850
138 144
809 799
398 358
453 793
59 638
977 151
885 774
104 5
17 626
932 841
147 19
294 358
167 236
53 276
378 479
105 637
108 580
311 993
829 612
527 493
584 749
803 845
535 950
403 347
407 291
65 136
84 412
543 887
325 598
956 728
295 697
977 595
373 890
504 519
260 854
43 622
199 867
522 726
536 669
64 238
227 362
670 808
89 333
786 285
734 127
844 747
774 982
727 537
591 990
377 202
895 136
330 240
794 163
316 419
343 602
236 650
10 581
762 334
709 453
514 213
590 632
572 963
934 734
370 743
816 405
619 472
218 369
489 179
996 646
387 950
686 190
943 725
306 570
432 157
555 641
370 457
405 198
922 336
304 39
607 873
971 901
188 681
67 456
84 636
146 969
309 395
682 663
3 772
451 147
228 221
450 371
609 526
96 423
668 757
389 500
121 980
566 220
163 731
976 166
596 919
750 638
161 494
617 293
812 136
551 110
973 472
835 267
72 390
313 501
528 780
838 617
415 968
805 368
371 943
108 140
386 734
973 570
867 11
777 279
83 632
299 599
981 31
892 462
910 21
568 492
990 967
633 714
504 914
468 53
675 989
970 147
95 374
723 569
246 230
175 174
322 654
40 99
271 816
681 912
892 771
452 752
73 253
74 142
207 110
84 987
279 954
475 430
760 272
153 166
407 745
268 177
168 485
461 672
652 15
466 246
600 407
751 432
555 749
96 246
225 470
387 803
250 899
215 247
715 186
746 567
2 662
495 103
388 611
618 406
671 160
505 823
312 445
740 979
632 262
10 12
930 109
487 848
312 300
636 325
145 338
983 464
368 579
96 562
351 282
657 1
928 485
530 617
39 160
643 794
790 991
555 198
651 747
247 74
602 119
105 565
380 361
338 905
483 112
877 96
270 54
308 365
437 527
501 380
781 410
69 664
937 164
520 412
943 506
247 793
826 960
740 654
524 595
744 713
396 222
862 121
893 625
952 906
999 768
156 766
236 300
540 276
45 722
121 20
984 406
54 544
674 215
573 220
504 251
911 230
107 438
344 612
715 695
370 732
442 256
339 171
340 720
417 629
73 507
832 888
93 793
619 687
139 81
768 655
733 809
534 442
766 305
851 290
48 21
517 669
719 795
647 14
335 738
752 904
215 8
256 241
366 140
599 998
690 958
765 474
877 512
824 500
346 120
807 213
78 435
150 780
155 914
467 932
460 246
345 256
589 29
517 960
60 813
815 687
565 980
949 437
555 34
167 344
522 953
467 642
142 942
968 657
277 909
276 560
78 764
561 742
817 892
584 577
89 37
640 723
380 508
262 537
455 498
187 880
117 767
65 92
565 359
88 866
758 376
902 710
653 708
70 598
195 862
531 280
878 577
386 825
723 512
300 727
853 397
197 361
288 475
678 232
666 736
353 187
597 904
847 336
667 246
212 742
335 108
585 833
32 591
197 395
54 524
718 551
511 367
222 982
525 125
249 852
430 771
268 234
469 871
908 654
315 65
957 754
816 490
597 603
818 344
747 264
681 720
799 128
289 735
107 688
549 425
46 685
158 939
750 577
831 605
346 395
733 781
868 297
535 617
79 431
281 284
390 78
780 962
910 817
869 174
929 265
103 618
930 34
167 905
793 490
99 559
855 124
103 763
894 706
329 982
994 960
439 901
467 832
85 497
836 351
927 544
643 965
309 249
807 78
42 452
498 770
885 950
744 54
602 188
623 230
648 956
96 873
777 24
251 55
749 204
507 161
574 905
316 905
463 586
874 943
743 572
655 72
235 731
218 423
311 646
424 314
643 385
716 249
238 525
597 74
834 364
105 952
70 954
700 325
408 893
960 442
787 527
406 75
814 308
139 588
856 234
16 401
568 670
163 322
1 611
280 550
140 114
953 769
43 487
205 596
577 705
399 852
571 303
537 371
187 38
598 368
905 939
379 798
758 60
270 931
219 969
201 326
657 302
266 778
139 8
768 728
663 779
570 463
382 353
607 872
756 438
7 166
210 302
836 14
129 828
663 955
712 131
826 151
612 676
996 219
673 808
397 936
733 676
938 348
337 851
142 836
643 801
863 666
591 683
649 400
240 846
341 236
566 511
147 780
132 88
618 809
748 1000
143 376
479 304
49 959
636 853
839 80
914 169
917 774
155 55
723 540
19 801
397 78
36 786
18 773
368 194
847 746
733 350
2 305
865 287
574 481
227 534
732 553
953 940
753 578
969 434
420 407
663 53
496 757
443 990
904 604
779 600
476 890
358 207
330 534
188 818
791 209
6 619
978 312
649 744
814 50
102 192
908 19
177 31
984 729
69 25
253 876
344 568
128 997
686 104
724 795
466 247
177 104
839 698
44 216
300 114
604 416
969 120
349 731
703 572
614 73
380 823
989 101
955 295
962 537
233 947
986 253
961 745
113 549
58 174
276 217
377 628
560 100
263 429
103 690
896 515
702 50
232 4
17 936
786 894
209 372
137 23
13 700
221 825
419 977
459 236
65 853
981 879
610 304
109 100
241 52
706 214
30 516
382 406
274 74
668 158
304 905
32 120
51 132
165 180
39 607
772 305
143 465
284 45
109 791
476 574
593 586
585 22
355 363
273 172
166 433
961 863
264 441
728 608
967 289
145 362
933 401
827 626
993 366
95 506
188 200
463 70
727 917
433 183
932 223
623 944
611 920
901 224
980 195
72 960
572 21
314 773
580 632
366 593
112 592
610 307
349 285
461 835
785 597
642 246
428 35
436 566
275 624
719 885
889 602
270 693
254 868
664 978
157 285
158 110
417 176
589 314
203 579
884 99
828 930
860 499
439 752
208 106
103 807
786 593
234 658
255 780
533 324
280 406
544 611
446 7
85 333
912 903
893 486
108 610
147 102
32 230
114 463
597 482
285 780
125 717
164 675
347 639
80 338
981 875
691 658
998 818
255 290
159 900
290 981
368 477
481 658
687 838
925 717
895 547
397 436
435 65
308 753
165 168
517 387
829 15
173 717
741 74
877 357
631 922
463 772
483 581
909 426
731 800
883 841
352 655
539 149
23 60
923 242
502 325
589 286
605 492
291 892
734 16
535 449
277 577
397 781
362 331
571 405
823 379
510 799
442 210
996 797
408 478
742 361
525 461
853 960
267 421
111 682
876 925
336 576
819 577
343 263
163 229
349 658
358 637
119 764
444 650
628 102
167 682
759 780
600 767
656 689
778 236
802 246
719 426
399 164
937 773
720 403
522 233
816 902
907 337
413 8
640 116
824 401
878 196
55 631
186 642
775 350
797 418
929 106
793 535
823 626
901 388
209 444
856 913
527 382
765 735
346 895
965 790
129 659
938 155
632 652
652 925
9 366
288 60
204 389
236 625
511 744
717 813
4 936
481 589
341 41
877 39
552 879
565 929
293 438
190 774
193 226
621 34
542 101
476 631
256 824
190 657
450 610
397 41
402 385
464 842
302 158
306 101
624 1000
218 873
75 800
22 809
408 749
818 56
212 143
306 244
257 920
832 20
979 231
69 147
288 710
163 466
773 191
491 990
500 928
987 606
568 876
914 808
497 750
59 99
277 24
665 513
872 910
266 779
729 735
590 792
955 755
341 221
977 309
353 755
7 598
993 963
284 505
525 548
806 867
257 358
651 914
342 323
347 251
534 589
951 191
314 480
798 86
560 569
826 263
964 393
252 427
604 944
608 435
829 533
834 909
172 548
504 415
530 402
472 886
734 626
758 913
294 19
227 204
890 404
468 738
855 982
125 757
331 26
646 471
243 886
597 267
818 616
598 846
30 952
971 203
473 253
403 742
23 273
585 732
807 689
830 786
373 973
639 486
571 654
958 471
922 732
649 956
502 274
948 616
884 622
900 267
5 937
122 289
31 937
54 602
1 590
516 315
940 607
540 417
409 161
338 265
487 424
163 462
907 208
370 694
442 283
891 55
101 550
158 695
896 588
988 226
700 174
149 912
693 851
309 602
416 783
421 876
861 659
188 617
963 437
529 611
931 211
370 491
478 998
372 269
983 799
209 741
328 971
493 495
789 66
208 353
751 484
246 809
784 462
290 411
129 171
959 359
732 291
271 929
439 751
43 206
926 351
60 878
769 344
226 639
243 391
711 548
547 607
17 568
916 264
648 998
423 776
473 63
506 183
372 967
356 460
428 817
433 665
658 338
374 424
26 728
728 434
618 778
378 247
933 82
680 565
825 428
809 855
632 930
523 789
621 234
312 584
791 816
669 660
130 300
698 802
919 236
633 853
279 141
942 311
429 800
625 457
218 801
745 796
193 613
361 523
378 683
218 976
311 141
315 182
561 796
50 185
527 697
732 957
182 410
370 730
887 879
926 517
430 852
151 79
772 989
41 603
760 157
244 118
392 855
836 786
323 865
965 178
344 644
372 210
194 718
68 203
732 114
275 627
777 725
689 519
500 702
849 556
505 864
200 210
771 679
172 168
730 718
298 801
517 845
841 687
871 639
803 743
146 670
328 709
590 157
631 445
134 135
928 404
929 77
712 299
189 755
938 277
402 806
460 81
263 694
838 890
787 456
737 98
259 611
428 633
711 409
14 251
351 858
91 964
455 95
122 818
375 388
767 396
105 672
916 514
847 798
319 589
143 776
153 695
722 960
482 61
526 112
395 734
820 341
549 817
734 503
679 434
424 126
830 810
486 748
14 311
737 674
64 52
690 216
377 51
89 743
731 848
629 485
84 942
693 910
18 620
340 346
295 812
814 248
945 383
789 742
322 918
605 141
232 852
280 746
542 646
376 83
127 814
684 691
776 702
724 860
17 534
417 384
20 859
830 503
551 81
159 368
881 820
482 321
903 113
465 13
232 272
584 197
432 850
451 78
417 601
626 576
594 926
440 701
704 686
137 739
615 440
81 625
693 478
17 853
698 447
594 373
261 322
302 918
711 718
927 925
531 668
254 611
356 215
410 971
837 928
930 258
739 622
497 111
252 503
553 982
38 158
683 87
652 926
599 347
765 591
803 846
808 676
937 448
901 165
624 700
622 923
715 215
952 131
95 121
376 157
321 980
875 777
986 942
679 449
978 782
298 428
541 480
672 113
875 410
431 136
514 620
421 418
235 418
117 499
465 882
339 809
213 960
829 150
631 750
395 984
897 574
508 455
588 739
93 155
27 821
709 305
984 336
735 749
701 845
192 355
637 591
583 425
365 952
159 54
3 474
48 241
581 41
84 535
126 882
361 398
445 72
219 888
861 297
148 308
23 628
372 266
784 340
125 110
966 620
36 416
348 307
21 403
930 414
758 706
548 388
404 508
613 378
670 612
102 753
548 491
425 65
608 342
801 395
792 29
78 901
320 185
753 504
911 890
497 186
65 990
686 744
546 811
237 184
186 534
449 424
802 364
100 610
238 866
649 487
887 179
146 27
709 832
389 620
274 503
916 570
296 323
755 757
557 952
653 697
812 80
88 933
674 628
786 90
369 908
351 884
902 652
744 720
507 538
535 298
297 200
464 823
468 167
553 395
109 595
666 294
301 257
283 282
400 94
351 699
712 519
322 943
491 812
475 419
297 635
251 981
12 218
14 952
163 94
634 844
956 257
528 120
969 154
582 676
617 680
177 511
894 666
20 787
5 85
116 196
543 65
858 565
196 188
147 400
367 53
370 379
635 717
300 402
927 823
489 351
661 135
441 120
78 299
834 605
484 70
807 306
848 289
977 67
209 217
542 37
181 83
475 698
276 868
846 863
886 664
225 919
394 396
307 997
905 178
954 580
518 461
407 390
483 228
308 505
458 426
544 295
284 98
783 72
416 938
53 427
338 791
708 649
307 621
386 673
367 879
740 314
498 701
796 116
578 762
182 863
239 922
536 681
257 987
927 546
567 680
199 804
376 424
601 690
481 455
227 679
515 26
983 735
839 852
182 633
58 955
602 51
581 429
663 91
667 156
649 697
597 723
600 169
514 233
842 170
936 171
420 260
597 580
547 371
250 593
396 285
418 805
664 565
793 983
429 483
181 978
107 713
374 865
840 165
628 12
498 345
408 17
623 224
105 73
548 333
309 351
312 493
77 147
152 22
885 524
816 13
512 310
769 409
953 356
39 435
354 747
893 130
416 266
551 892
863 574
595 520
431 706
406 772
354 461
337 665
801 10
252 492
381 560
251 44
949 291
939 277
133 214
648 695
618 988
985 503
269 278
696 126
473 139
60 509
541 362
801 453
610 847
152 799
887 409
249 285
49 123
625 885
861 638
627 836
369 596
316 181
976 693
236 508
644 939
24 820
494 828
888 563
5 607
210 739
887 703
675 631
639 270
95 472
425 740
407 844
304 499
156 588
503 807
770 240
644 713
519 975
560 644
278 987
575 851
568 409
953 859
703 339
852 283
528 49
140 943
253 177
867 766
33 614
708 763
876 624
290 143
412 296
426 607
231 676
64 608
233 111
723 268
466 833
380 889
785 849
660 283
935 675
662 505
210 472
764 983
780 588
12 550
217 524
327 563
521 580
836 459
730 850
509 192
55 625
665 677
902 202
281 684
232 94
159 695
168 715
81 367
320 545
159 836
271 190
38 159
123 314
425 362
208 886
399 747
636 110
854 29
469 113
588 201
666 525
865 820
313 477
423 928
668 192
675 156
504 523
34 12
472 41
700 721
863 103
292 780
430 358
621 177
948 487
555 393
145 22
753 889
554 890
80 749
140 271
32 896
785 70
326 102
734 99
737 717
806 651
943 157
359 490
808 112
649 608
475 921
140 109
390 201
118 742
379 930
32 733
706 789
581 135
84 673
470 718
291 457
898 163
721 524
131 528
447 714
965 137
396 692
909 488
756 2
258 693
816 247
928 785
175 808
162 473
401 887
76 567
677 28
45 364
620 736
769 80
147 484
793 346
722 144
996 375
300 318
391 657
569 259
440 457
919 947
276 183
677 39
336 106
707 141
543 275
930 180
90 137
787 293
436 957
38 985
720 946
460 11
303 463
431 762
109 492
419 822
42 344
498 805
996 36
155 716
182 544
782 411
712 499
368 313
578 388
501 499
281 938
726 244
783 119
91 527
554 429
613 654
102 524
557 386
236 151
460 463
743 672
359 731
180 462
240 33
614 855
995 979
759 154
818 840
341 301
147 604
575 548
45 601
411 339
880 96
610 89
672 380
413 719
48 892
490 474
541 503
365 778
719 207
701 848
84 854
31 201
970 851
537 332
258 375
222 572
231 822
123 136
642 17
515 261
43 569
324 123
110 556
914 925
789 223
832 574
63 990
194 281
751 301
120 367
854 558
885 166
825 788
54 166
845 233
422 698
439 632
744 452
980 844
33 505
142 517
548 520
522 175
138 852
507 415
539 800
155 571
542 437
424 584
646 151
958 133
981 876
963 785
233 524
750 43
75 465
648 887
80 361
782 230
803 777
407 594
276 655
351 181
523 646
709 803
446 731
378 245
415 936
327 204
679 315
238 601
792 677
978 836
891 945
771 273
535 728
421 488
813 918
27 33
451 877
469 508
342 634
643 363
863 204
829 108
905 548
88 160
930 977
294 584
957 264
390 907
192 142
156 617
400 729
833 196
55 926
266 540
563 990
31 796
162 605
774 700
41 968
399 628
624 367
254 62
77 479
175 871
465 261
637 743
733 180
400 744
936 970
811 726
611 712
145 186
448 740
656 313
823 935
699 125
25 158
232 310
16 567
16 112
102 815
711 855
582 613
713 410
826 219
262 959
798 29
546 234
56 866
608 287
20 133
728 349
333 330
854 276
871 718
765 232
220 988
539 780
937 236
986 7
346 870
384 631
817 249
78 593
597 495
264 909
835 310
985 325
659 4
39 286
838 538
855 920
881 5
330 773
518 712
443 989
812 941
999 749
711 185
624 737
675 800
880 379
716 209
40 882
88 70
633 533
482 59
601 55
31 700
607 924
325 927
183 529
721 785
407 105
283 340
942 741
319 196
939 865
163 901
199 553
741 842
903 431
528 419
233 419
13 293
549 371
879 988
129 360
941 137
45 980
652 124
675 293
180 845
953 715
236 577
497 711
3 480
567 691
372 129
194 673
858 712
876 625
591 106
297 876
85 953
989 447
902 286
779 33
48 53
343 802
358 726
290 110
608 221
493 437
366 829
186 308
206 810
928 724
232 161
621 953
752 936
968 245
785 993
147 312
385 499
958 912
500 354
656 594
821 440
828 816
225 877
155 626
91 772
846 916
280 501
716 384
973 303
170 44
372 906
376 703
53 369
511 661
631 164
564 99
238 934
41 426
75 199
630 279
117 320
31 656
985 236
392 314
844 657
863 247
832 329
815 112
14 273
273 361
19 637
705 366
192 71
469 549
205 426
180 990
201 104
553 195
457 246
278 996
351 726
448 927
286 403
785 310
112 524
168 270
858 829
750 775
658 657
25 52
23 513
219 890
241 742
186 97
314 26
29 172
270 705
550 877
945 805
451 44
772 786
954 989
318 348
67 92
968 785
612 672
850 749
87 246
324 708
539 839
298 955
25 737
484 898
160 840
497 9
208 964
190 116
835 353
928 333
413 267
968 606
385 874
134 623
907 941
587 337
273 777
330 714
256 761
958 456
798 529
886 894
796 18
501 276
505 209
434 239
753 907
112 29
130 724
937 220
705 40
522 558
299 987
212 456
231 284
786 491
790 483
246 251
891 754
714 153
911 609
843 375
774 951
528 717
14 668
662 792
520 801
975 195
443 978
432 321
583 510
568 557
715 654
537 674
849 656
278 896
568 924
788 597
715 543
135 158
62 906
505 623
549 412
970 514
864 418
21 211
439 804
561 454
101 261
447 745
451 234
764 570
394 118
413 826
474 312
147 402
718 223
684 411
480 665
863 22
470 804
436 892
845 232
58 170
902 113
821 890
614 920
450 336
858 341
982 335
976 232
86 871
267 571
203 953
721 68
886 670
161 397
260 872
199 842
705 712
228 419
925 451
838 940
52 81
441 161
807 995
242 323
425 161
337 605
878 332
493 471
312 877
792 567
189 185
283 188
229 680
450 647
182 930
347 821
792 732
578 139
541 309
467 440
416 650
239 968
523 871
709 580
789 37
861 905
911 758
701 32
120 643
620 48
52 516
914 427
383 42
683 746
577 355
192 143
780 256
542 839
201 87
920 49
747 76
110 288
24 615
866 818
82 229
10 518
373 482
193 644
324 348
642 665
789 272
367 260
315 425
148 383
129 858
873 272
84 585
968 508
822 459
491 697
44 79
335 632
214 635
460 742
498 422
834 524
997 960
284 621
524 423
998 490
102 601
803 744
167 113
483 292
713 763
170 166
461 485
100 59
122 607
322 109
712 445
330 544
460 856
3 168
904 367
668 472
27 448
561 648
184 672
565 64
783 57
97 644
369 159
579 828
28 46
639 756
152 276
436 315
957 267
433 172
393 456
910 39
878 731
179 896
352 933
815 238
395 723
482 171
28 355
663 155
66 605
16 426
257 944
44 230
204 755
122 356
123 901
914 542
532 913
59 381
26 110
923 276
852 438
423 894
404 935
97 403
498 442
779 757
124 972
196 321
417 532
509 134
506 423
521 333
357 850
687 536
636 738
680 285
516 675
793 34
735 556
474 321
114 464
3 641
279 820
980 679
572 633
629 632
113 82
284 625
580 611
30 117
233 911
872 188
325 429
552 511
708 248
967 605
682 991
20 154
224 565
958 864
815 729
1000 54
157 31
30 279
927 559
713 663
787 376
589 60
593 441
649 383
886 936
694 729
497 509
890 636
380 430
451 995
722 641
265 320
393 339
199 59
394 823
435 161
164 417
758 345
249 319
305 637
325 882
607 108
882 605
424 93
616 561
853 428
946 254
70 872
291 911
843 330
4 488
127 653
571 580
143 807
862 453
41 869
206 425
979 235
49 338
527 589
589 856
917 673
226 426
615 900
118 740
67 626
317 690
174 293
659 967
804 164
217 160
917 387
42 847
153 494
48 244
860 115
625 978
332 564
6 829
686 307
341 706
470 942
419 508
261 385
290 115
846 164
833 795
659 387
452 387
833 692
698 342
603 762
21 739
61 534
585 347
693 209
889 615
474 153
556 815
618 624
643 493
507 211
215 642
147 930
786 183
161 573
800 999
85 99
14 354
606 479
865 711
60 423
993 532
448 385
969 609
52 771
970 266
348 618
334 941
193 371
696 278
313 842
227 652
267 473
598 397
234 410
593 771
726 545
53 748
209 117
747 99
340 331
144 86
704 190
178 301
341 528
510 110
865 109
59 18
966 251
264 882
538 940
97 308
336 524
408 137
638 245
965 363
90 567
107 639
521 855
633 475
764 571
833 588
11 539
143 927
621 606
402 701
385 393
258 953
814 319
391 759
825 907
110 255
4 552
756 693
372 702
218 36
660 51
320 842
419 664
748 660
372 691
26 762
42 409
425 279
730 42
293 7
531 951
707 278
397 314
588 19
645 84
95 45
830 975
799 931
782 151
389 551
999 600
69 531
70 884
592 500
702 431
304 748
857 419
821 597
861 904
937 72
226 466
648 437
244 958
477 48
518 814
254 411
192 128
736 461
480 139
814 224
415 127
948 669
738 262
410 285
620 870
235 256
220 116
353 861
7 438
580 500
796 729
376 170
789 517
932 265
571 219
441 498
520 651
225 411
558 455
742 416
120 175
157 502
519 424
498 340
360 17
11 145
621 834
620 667
567 444
826 118
684 120
703 684
229 85
560 542
695 640
34 69
641 171
280 253
854 699
494 58
756 649
410 361
724 579
336 52
320 681
228 98
873 851
655 815
198 846
164 970
972 32
800 722
967 926
324 940
554 321
906 450
28 773
982 57
810 102
739 852
249 448
216 311
307 224
532 495
517 125
425 45
284 240
730 288
441 536
660 523
333 565
956 674
812 830
526 116
395 722
306 122
549 910
383 120
478 893
594 745
840 333
460 759
67 891
122 498
914 396
644 805
636 751
492 218
625 634
183 934
147 508
993 111
603 1000
401 786
37 574
609 459
279 593
873 354
563 730
860 104
794 266
872 550
708 436
283 771
236 865
20 982
337 62
870 480
104 735
11 189
496 87
916 136
220 749
148 114
65 724
245 846
798 236
466 621
765 7
589 217
129 859
973 122
557 379
281 512
321 499
690 860
215 235
215 923
143 174
533 498
648 580
721 114
722 461
56 592
851 659
212 899
759 819
157 30
879 320
659 324
588 486
976 64
425 478
172 573
375 70
527 325
109 406
809 608
479 36
506 386
549 622
875 424
659 34
458 481
367 659
668 172
728 511
549 767
89 358
255 658
535 572
668 195
227 437
672 6
352 578
795 192
616 419
374 87
566 849
112 66
57 711
813 988
84 232
353 326
53 819
939 830
447 819
925 895
468 254
36 986
628 540
25 367
761 181
176 717
654 470
16 38
236 641
610 402
496 606
280 603
210 996
272 946
819 642
982 850
235 315
970 826
404 836
392 900
779 272
851 645
701 555
371 184
887 731
604 474
291 347
336 688
530 952
106 454
200 159
128 172
440 750
196 235
772 796
765 43
472 686
591 403
902 26
240 364
540 232
887 621
949 213
532 99
453 998
402 888
462 588
859 200
608 293
936 282
539 688
542 495
789 848
599 138
198 545
717 891
185 346
518 372
388 89
179 29
284 26
513 532
109 11
811 267
383 632
449 206
133 444
601 252
549 868
524 990
598 275
433 419
752 207
719 307
164 341
131 36
779 880
401 476
423 168
182 657
431 646
495 714
947 345
529 26
947 311
4 655
364 419
239 721
705 505
227 621
853 673
582 33
897 655
55 163
115 972
410 262
672 605
533 916
954 443
610 297
888 443
879 953
406 960
740 970
811 751
205 340
775 457
462 125
512 170
673 642
943 758
309 726
76 711
811 67
337 245
64 939
504 72
176 53
929 489
603 766
660 367
662 309
702 742
295 308
104 791
841 79
695 311
682 626
998 460
142 520
927 471
272 774
511 549
333 419
319 912
485 376
751 125
453 986
935 74
276 965
740 226
834 891
798 966
892 37
420 648
238 147
512 184
43 995
762 521
692 508
164 693
366 311
722 695
894 841
521 93
833 211
389 917
856 364
605 847
430 76
536 574
97 600
179 737
117 661
902 733
669 766
468 993
705 808
549 792
52 736
92 981
408 780
411 131
801 543
416 763
538 88
60 170
44 743
84 32
835 808
875 247
857 864
677 53
329 159
679 747
228 518
46 220
766 623
728 476
106 858
754 906
921 285
140 716
444 414
531 123
702 977
828 372
421 954
944 281
709 23
818 405
788 730
71 814
262 257
140 741
15 971
953 398
664 983
928 782
668 999
116 804
729 907
722 196
9 439
928 715
391 837
469 328
217 564
626 936
640 556
78 267
500 601
854 696
431 601
238 549
423 748
502 582
11 463
198 847
34 804
897 482
937 717
590 273
522 977
195 267
512 199
595 864
113 950
96 836
3 906
380 388
80 328
838 537
30 237
401 154
19 483
562 599
230 809
297 629
469 187
515 599
200 960
350 86
478 43
691 438
473 937
667 417
282 833
217 428
509 346
93 257
554 789
486 880
588 862
821 729
92 735
18 726
771 44
739 352
338 315
344 984
594 520
760 480
80 946
780 437
267 330
550 523
384 430
681 328
849 734
199 157
993 269
456 16
129 414
920 447
850 192
188 959
154 891
751 210
486 188
979 781
121 629
765 149
822 68
438 349
63 864
414 218
381 285
932 915
845 174
168 992
581 628
930 172
716 733
497 120
458 701
738 945
498 170
119 318
330 214
566 205
659 327
273 512
860 604
20 267
39 473
298 85
315 849
906 276
726 381
412 205
968 549
725 174
492 291
882 919
510 940
494 305
886 631
601 965
13 591
489 855
376 360
866 483
533 689
887 91
964 704
1 952
910 741
630 507
888 774
647 973
155 435
122 194
639 635
360 595
235 865
986 939
65 418
800 187
965 543
773 664
924 276
430 469
452 629
491 25
643 164
4 490
278 153
390 967
460 82
140 154
658 859
420 122
335 73
466 488
796 526
54 739
71 579
718 522
130 51
867 544
465 672
486 126
213 670
378 455
443 169
136 879
283 960
875 874
485 72
607 691
846 281
278 709
462 102
232 832
391 94
159 194
716 829
552 294
384 168
404 155
150 387
378 598
671 39
12 480
159 339
570 470
163 788
993 965
208 379
279 858
319 153
775 640
949 818
93 636
24 29
63 132
923 943
611 891
335 261
636 410
721 972
522 183
509 219
194 836
480 42
531 703
932 774
369 490
242 120
289 593
892 2
730 933
64 908
534 929
995 283
498 801
171 205
71 659
454 956
535 893
428 843
964 661
569 195
517 35
218 312
1000 321
449 205
36 263
145 212
18 90
91 688
106 25
226 921
317 78
765 944
456 910
296 215
296 620
943 95
881 99
308 550
772 149
134 942
283 352
416 950
678 299
848 706
59 801
852 10
122 299
698 752
199 605
737 862
241 713
124 784
585 770
932 49
481 306
392 978
637 622
107 339
272 300
112 555
867 685
500 898
434 269
620 915
609 102
426 640
577 224
283 861
453 389
947 943
668 924
281 300
964 23
197 986
336 300
958 738
585 303
458 787
76 422
591 449
299 193
686 559
409 513
998 461
51 672
949 954
17 784
29 105
746 397
730 790
270 365
461 85
879 171
892 468
209 365
930 438
324 985
808 722
242 382
173 960
856 766
378 142
105 718
215 529
539 499
207 609
482 416
193 51
946 467
97 607
95 188
502 86
894 286
531 260
960 330
909 447
968 340
930 890
145 466
207 308
245 97
725 183
178 26
913 981
846 93
153 872
981 398
107 17
897 633
625 604
432 820
79 927
274 644
46 76
547 489
827 873
187 502
725 181
617 621
227 793
267 446
50 770
288 883
275 923
612 848
538 31
576 454
83 364
234 182
418 913
310 99
986 726
104 935
79 290
23 62
548 251
822 462
92 175
425 859
404 83
713 269
200 216
882 428
936 748
96 281
206 978
944 215
466 903
929 357
270 559
586 660
825 820
529 93
312 353
613 189
512 442
237 857
988 695
275 452
197 653
356 962
824 363
553 851
769 702
901 425
886 761
869 485
564 373
378 448
439 186
735 396
369 3
94 355
322 155
114 345
612 40
406 635
136 75
319 762
549 729
535 538
421 86
481 683
378 21
450 742
723 774
454 166
431 242
948 264
588 791
293 253
477 880
957 70
245 212
815 895
430 184
757 809
814 288
525 147
395 946
857 835
839 823
990 161
446 823
395 771
953 123
183 928
62 871
177 207
895 509
558 7
543 623
966 344
70 429
219 997
276 356
580 490
138 325
821 73
966 747
881 861
765 76
903 222
709 456
780 875
850 344
236 867
384 124
883 168
982 852
750 568
567 386
552 617
475 938
815 900
220 670
459 510
385 503
760 891
302 920
855 116
640 75
863 537
864 937
850 660
852 651
308 152
211 864
739 916
623 238
290 558
723 724
403 501
80 166
564 248
837 20
660 715
250 670
562 801
795 686
482 305
739 195
939 389
65 48
230 970
191 592
964 848
786 112
181 586
666 554
234 68
892 530
786 387
38 348
540 182
990 242
421 317
593 804
558 982
912 324
110 985
127 5
454 319
37 365
149 29
41 874
758 233
946 566
10 763
250 432
32 611
624 205
74 226
790 148
207 2
366 11
373 310
376 6
267 361
275 866
943 285
165 538
356 601
889 840
338 62
132 968
564 971
943 732
470 562
91 267
632 85
1 39
448 341
618 40
980 599
855 325
567 113
698 128
893 979
979 665
231 636
162 69
58 146
495 443
668 863
542 160
814 581
826 159
422 738
370 51
595 598
753 498
6 380
869 428
1000 21
696 878
34 877
248 432
214 963
147 54
994 623
334 239
886 545
228 395
137 657
503 19
275 218
189 288
706 202
288 95
116 793
971 242
517 34
901 131
129 242
947 893
70 764
500 760
332 991
274 497
41 394
227 467
389 960
408 901
396 418
652 621
691 497
917 180
383 173
792 876
706 654
840 816
348 651
38 756
918 283
886 399
64 114
46 198
676 345
790 193
416 764
560 754
984 904
4 310
724 77
747 100
987 565
538 137
222 918
262 505
587 886
103 145
162 677
371 233
118 630
504 454
629 874
120 150
232 432
784 295
324 96
65 283
681 929
506 802
413 822
589 445
183 428
653 557
412 616
100 350
798 155
510 553
58 182
612 753
613 152
578 584
968 817
916 49
498 96
315 954
172 993
47 663
151 145
803 577
384 753
459 279
631 469
885 965
837 866
949 88
246 748
857 313
507 240
825 219
973 499
702 179
759 422
506 440
52 972
146 121
679 161
929 742
18 959
401 77
22 543
683 947
982 365
746 472
473 851
917 802
758 388
27 36
670 734
396 215
770 964
572 344
19 584
373 91
374 268
305 779
362 460
415 346
348 879
224 421
745 773
302 72
816 705
736 448
933 362
633 952
960 152
597 733
306 262
291 166
165 465
153 137
500 112
357 937
180 886
514 146
241 832
129 96
390 313
227 873
162 312
568 811
522 914
805 514
166 964
561 486
676 817
500 645
449 957
512 669
399 475
238 369
707 751
560 169
100 370
599 776
980 766
363 992
16 699
733 962
494 78
370 232
392 410
944 167
214 345
643 360
276 884
479 815
315 966
691 847
488 498
203 857
726 232
405 697
18 366
829 598
117 932
522 942
916 651
685 980
913 461
798 691
414 696
610 615
553 955
914 820
143 267
41 433
846 718
388 418
195 952
571 993
843 68
19 390
937 143
294 828
777 342
212 413
639 470
360 648
752 186
18 818
37 22
60 217
577 33
541 390
340 57
487 186
588 871
75 828
332 292
714 221
766 482
102 422
176 505
992 838
705 423
101 534
658 535
509 273
884 835
560 521
172 327
339 334
432 412
305 98
538 848
129 412
58 298
577 542
281 201
578 812
107 683
421 813
55 314
851 344
410 542
361 36
586 983
37 797
77 288
957 860
401 798
388 426
258 973
134 56
229 118
198 911
114 182
834 671
798 98
363 861
659 472
953 251
865 534
9 179
319 938
211 821
346 980
792 294
258 594
668 393
100 219
85 361
30 682
159 834
292 281
706 231
907 900
15 131
218 317
200 768
363 234
757 712
494 422
90 364
283 203
212 723
621 795
970 387
718 912
517 94
902 520
463 848
493 611
783 319
398 859
551 307
679 510
138 73
188 315
728 224
383 136
165 965
113 412
866 178
869 813
269 103
511 212
314 624
761 201
709 681
790 314
947 333
879 910
607 415
334 273
92 603
763 757
119 831
115 866
171 980
26 484
413 527
645 503
789 197
977 301
93 713
811 930
315 691
907 407
358 759
909 765
859 958
128 94
516 929
450 329
717 389
111 138
648 660
281 737
673 807
836 277
760 519
66 392
88 624
894 630
321 419
132 291
688 499
263 759
468 635
696 990
806 295
384 564
95 932
521 213
795 530
613 807
748 594
179 377
53 336
735 340
683 825
722 865
407 345
815 332
249 509
618 798
910 112
1 922
401 96
937 182
576 530
212 358
144 910
159 734
517 451
994 400
843 569
815 162
377 402
434 123
199 825
934 820
772 151
903 703
718 118
669 569
174 905
221 27
736 694
18 653
202 126
439 383
791 147
597 855
625 800
620 88
892 789
549 212
698 766
291 828
588 574
572 155
205 926
984 307
782 618
99 802
883 551
899 458
224 248
615 932
693 810
468 499
658 607
236 631
24 703
150 323
558 60
136 781
871 143
582 198
513 461
736 242
211 704
289 474
813 365
805 766
757 519
793 30
300 506
357 231
656 354
270 678
332 939
663 609
650 256
503 253
660 217
292 741
99 513
674 13
25 528
864 995
702 455
388 907
356 7
233 724
498 240
704 907
778 398
63 408
308 81
99 332
543 531
655 245
192 396
198 512
130 992
241 35
186 932
208 820
569 839
229 578
144 716
52 973
436 300
131 470
999 711
948 135
806 130
989 226
682 116
490 612
736 884
312 592
321 774
624 985
383 64
277 563
170 549
652 481
890 116
199 690
420 45
705 297
191 990
61 884
325 104
262 882
330 318
576 58
940 571
577 279
724 98
248 155
718 366
254 465
684 560
22 459
903 470
670 566
210 939
67 590
396 276
642 92
793 984
483 798
409 935
871 179
283 906
624 704
144 340
634 565
871 768
199 10
949 598
381 20
103 299
440 570
257 388
556 280
637 451
929 394
638 100
784 403
915 587
882 426
737 405
492 987
971 736
55 757
205 40
522 250
851 522
907 300
677 862
518 134
691 338
467 942
712 339
971 462
807 92
726 340
503 37
605 744
363 670
517 839
774 304
479 204
618 948
696 918
18 254
38 197
574 923
441 765
709 880
873 514
303 227
985 504
969 963
143 266
955 307
293 409
39 741
422 247
740 374
8 7
908 682
247 838
78 134
786 10
145 146
704 625
938 849
758 374
354 8
299 905
619 540
340 203
929 626
606 298
627 845
450 313
183 584
235 53
183 781
365 682
67 780
395 773
322 895
434 869
596 73
559 327
266 570
448 905
675 346
992 316
362 195
749 981
92 504
3 345
768 583
654 131
510 170
109 289
124 568
654 651
574 587
676 967
475 142
883 317
665 114
444 643
211 760
680 401
719 848
614 14
906 991
655 760
572 630
96 295
253 367
518 211
920 126
926 180
68 836
752 829
380 86
879 124
904 466
264 881
483 327
565 909
177 964
788 45
237 204
761 244
446 40
703 946
470 301
293 300
810 70
100 826
728 451
568 108
307 192
953 970
445 82
283 123
288 275
57 602
174 771
503 589
415 767
970 354
164 317
274 685
357 567
579 714
982 517
71 286
956 928
123 567
809 194
685 431
233 496
542 289
72 946
354 472
576 98
942 81
620 795
52 170
325 433
791 308
225 229
244 424
444 577
690 425
659 970
14 855
366 534
239 268
422 804
923 533
29 606
246 655
274 818
585 470
694 336
784 65
399 636
951 163
646 727
43 430
996 536
547 110
77 195
958 596
682 778
372 385
48 471
984 771
508 193
422 657
59 713
940 214
707 229
779 208
727 254
698 480
424 821
831 140
356 108
873 158
65 772
431 530
877 702
697 168
181 71
163 708
807 151
70 66
337 841
284 368
182 310
826 511
47 979
986 249
21 960
67 527
887 139
623 329
123 38
33 654
768 427
329 683
523 659
781 619
786 195
327 225
455 428
723 740
346 223
551 507
880 441
952 790
94 135
961 450
811 840
412 656
450 607
469 481
758 41
45 594
676 500
383 60
224 411
196 593
748 422
269 795
698 767
933 372
484 492
791 122
499 640
942 2
874 20
439 28
810 656
617 630
585 144
101 319
70 344
129 426
93 921
274 853
718 703
103 224
876 544
328 22
173 199
102 521
3 574
361 82
289 669
718 182
557 12
206 74
525 680
543 73
926 323
512 691
256 113
205 434
977 409
65 743
463 984
214 448
304 939
641 66
681 833
673 849
623 559
432 993
507 295
894 689
362 622
777 787
232 14
730 789
638 698
117 861
299 480
318 92
838 791
92 221
575 60
137 110
674 863
269 202
971 259
700 963
898 919
204 178
575 397
959 802
617 415
235 524
305 576
768 439
53 435
424 365
132 38
761 580
619 674
484 529
930 663
442 654
937 145
157 292
236 1
737 556
844 320
294 865
355 525
80 541
139 672
684 892
791 952
355 38
465 946
355 482
781 194
819 435
895 228
261 383
61 332
407 800
942 756
364 387
737 895
404 538
675 673
468 417
349 482
353 999
568 958
456 504
102 117
709 19
837 494
559 455
148 261
352 168
372 219
56 668
606 564
833 932
376 909
141 777
54 234
147 355
632 190
137 718
428 315
52 410
415 985
510 587
152 397
258 856
543 323
401 594
595 609
973 34
665 721
243 509
11 451
622 315
110 15
761 917
268 789
954 608
422 10
939 252
119 116
694 614
569 382
612 43
400 475
545 246
655 121
490 935
234 973
381 810
365 357
863 506
761 608
983 501
249 436
182 44
517 393
791 766
723 668
522 529
155 88
28 202
514 641
152 378
53 681
511 941
717 754
773 672
226 207
500 402
473 990
903 646
266 729
174 966
965 857
452 684
571 574
917 550
644 802
538 301
294 623
689 911
763 634
467 41
568 636
110 947
990 311
139 337
381 537
767 35
179 522
589 831
736 349
240 403
953 716
495 943
813 456
871 214
174 386
990 578
607 744
774 445
278 684
559 533
915 761
310 253
665 364
473 456
309 443
663 936
673 936
767 756
440 309
441 92
446 400
985 543
124 509
588 396
577 632
95 684
320 650
707 38
212 904
933 680
948 996
43 926
216 506
970 892
346 837
554 302
302 744
783 27
967 782
489 859
151 94
920 571
777 406
265 330
947 866
17 281
916 559
133 323
778 520
449 150
810 377
796 180
355 348
563 163
620 336
394 896
696 256
607 106
147 584
61 146
959 681
487 216
199 740
300 573
391 406
952 712
737 822
685 430
408 614
207 158
533 522
676 971
245 376
527 760
586 132
568 903
99 93
538 35
141 623
920 270
974 193
831 600
633 449
618 23
674 261
214 586
579 938
16 999
440 755
349 637
82 344
26 583
38 759
954 996
116 911
797 378
870 272
963 142
251 672
177 517
289 67
422 737
831 143
87 143
346 523
152 795
460 3
557 491
282 982
603 85
952 475
790 975
366 429
686 864
446 453
259 674
262 555
726 12
235 547
923 803
273 770
934 505
316 928
880 469
429 767
946 555
284 134
123 406
363 391
588 116
312 711
55 321
689 500
986 603
222 89
776 197
571 664
37 44
863 208
779 887
282 889
140 299
343 812
434 968
108 247
827 611
926 885
966 106
109 731
755 87
301 393
177 187
344 178
844 993
779 674
712 671
456 477
475 299
187 95
831 670
725 819
644 943
562 129
531 579
343 336
788 707
757 802
810 947
614 245
999 293
729 769
569 980
551 668
438 511
793 28
449 982
410 596
530 921
690 221
63 855
533 83
936 643
994 209
480 527
688 230
172 845
985 550
534 615
918 646
525 800
530 714
161 21
860 401
419 845
630 891
955 655
638 878
674 237
379 81
665 727
665 534
192 572
899 545
627 676
384 530
242 378
501 479
262 535
431 388
70 588
252 679
401 177
990 653
668 145
655 405
627 962
758 360
652 701
212 388
350 571
53 596
365 418
739 109
706 382
754 594
3 48
795 60
417 950
93 169
19 698
773 621
351 625
616 670
212 201
361 753
412 923
913 858
533 721
435 554
398 674
336 817
813 705
554 751
405 447
851 99
279 474
764 26
361 275
215 472
108 928
715 560
572 927
976 752
392 833
927 111
550 962
241 726
59 933
712 608
419 301
964 529
135 409
582 450
305 438
327 945
419 442
477 317
138 30
51 787
272 712
58 350
906 27
30 403
915 811
699 960
994 556
81 489
446 163
504 389
955 683
6 315
375 120
964 459
833 400
941 805
191 346
375 489
551 42
754 178
332 284
427 578
138 549
749 109
643 512
751 739
311 694
974 878
423 516
501 235
818 550
691 268
527 178
179 32
861 708
763 174
909 334
303 963
985 152
839 13
291 523
329 348
408 877
795 107
911 561
329 301
666 756
433 383
433 200
491 862
933 267
150 47
776 586
312 183
971 225
721 701
123 702
172 322
528 42
841 53
680 373
846 262
991 827
638 164
197 802
509 112
332 527
386 403
56 647
776 823
462 446
832 445
214 559
932 698
715 826
171 280
105 830
727 359
251 534
42 990
237 535
457 751
422 619
975 629
671 364
30 186
91 126
812 438
124 510
342 429
300 498
988 663
816 654
258 580
208 65
851 665
302 783
180 431
532 196
823 583
937 556
901 393
845 879
523 395
45 65
156 336
929 976
603 249
640 365
365 38
458 408
811 404
939 219
152 567
725 326
997 417
194 398
801 158
643 751
791 575
846 702
549 761
731 714
861 695
273 950
386 719
294 972
297 56
112 269
327 140
705 68
616 425
910 181
515 711
330 3
967 438
995 783
786 270
970 243
58 812
903 741
830 607
796 859
304 569
247 763
657 507
287 320
988 499
41 878
558 837
227 631
858 995
505 377
32 615
14 571
182 425
257 774
888 310
871 23
598 693
468 474
93 947
369 568
763 871
379 810
361 491
15 872
344 727
880 569
685 224
10 424
374 823
743 426
566 506
113 890
751 419
858 551
286 196
15 526
417 299
751 272
54 32
716 859
433 347
940 65
45 355
447 467
582 522
487 978
781 910
129 776
660 109
531 478
423 426
815 932
786 746
794 945
647 475
954 885
141 133
820 957
803 681
995 433
775 439
711 565
858 155
608 294
899 695
20 308
740 91
833 431
997 372
251 126
772 350
538 593
485 689
623 383
976 320
528 889
48 883
86 287
843 944
735 230
847 984
957 168
647 812
136 406
448 408
344 89
827 644
593 602
944 856
905 422
544 98
66 395
520 203
299 864
984 24
970 23
808 45
808 291
70 188
382 866
331 544
170 878
796 558
429 211
535 115
168 323
244 246
997 528
580 520
644 664
363 682
866 665
978 447
689 176
357 770
451 325
345 970
639 908
685 196
818 487
560 818
466 781
897 77
755 945
917 130
556 198
370 369
208 348
685 998
681 690
745 139
232 338
929 348
432 788
718 86
885 687
12 743
470 175
343 151
320 836
392 369
14 239
104 59
699 532
885 961
100 15
670 247
472 942
548 791
488 632
517 864
990 740
4 821
186 560
541 11
63 490
683 21
798 859
877 962
80 418
568 860
797 548
449 51
44 296
247 895
820 469
350 124
540 980
174 718
449 54
964 916
804 577
537 842
863 166
956 772
523 927
991 258
630 198
279 134
446 909
14 721
23 157
227 574
984 355
838 2
842 65
330 317
370 894
244 859
795 349
386 439
272 254
692 56
93 74
314 777
888 366
559 285
987 610
288 904
515 219
186 207
495 827
819 625
804 251
239 326
811 705
421 821
280 951
520 489
254 769
893 872
228 932
671 250
103 484
220 256
777 595
704 605
768 954
716 544
169 675
901 754
812 467
651 983
674 44
470 203
487 875
608 296
107 3
99 163
885 820
63 40
428 603
871 705
733 736
664 409
973 177
77 892
885 933
564 370
359 854
837 834
937 576
441 657
151 586
855 802
135 508
471 565
97 668
39 273
868 191
282 518
234 971
532 502
19 285
584 989
74 311
330 925
222 391
887 403
620 366
674 690
852 873
801 573
548 712
925 916
88 133
896 882
715 352
473 589
2 205
645 629
539 30
353 39
282 109
529 228
378 722
966 435
733 348
74 203
561 963
3 893
602 844
72 1000
662 75
23 903
865 473
638 346
839 147
93 991
194 694
362 357
103 298
306 520
554 769
174 499
881 801
935 708
422 763
629 991
573 312
944 25
708 450
727 358
413 250
471 36
954 974
530 881
494 110
42 663
519 171
155 988
993 688
670 45
